<!DOCTYPE html>
<!-- Generated by pkgdown: do not edit by hand --><html lang="en"><head><meta http-equiv="Content-Type" content="text/html; charset=UTF-8"><meta charset="utf-8"><meta http-equiv="X-UA-Compatible" content="IE=edge"><meta name="viewport" content="width=device-width, initial-scale=1.0"><title>Create an edges weights matrix — edges_weights_matrix • chessboard</title><!-- jquery --><script src="https://cdnjs.cloudflare.com/ajax/libs/jquery/3.4.1/jquery.min.js" integrity="sha256-CSXorXvZcTkaix6Yvo6HppcZGetbYMGWSFlBw8HfCJo=" crossorigin="anonymous"></script><!-- Bootstrap --><link rel="stylesheet" href="https://cdnjs.cloudflare.com/ajax/libs/twitter-bootstrap/3.4.1/css/bootstrap.min.css" integrity="sha256-bZLfwXAP04zRMK2BjiO8iu9pf4FbLqX6zitd+tIvLhE=" crossorigin="anonymous"><script src="https://cdnjs.cloudflare.com/ajax/libs/twitter-bootstrap/3.4.1/js/bootstrap.min.js" integrity="sha256-nuL8/2cJ5NDSSwnKD8VqreErSWHtnEP9E7AySL+1ev4=" crossorigin="anonymous"></script><!-- bootstrap-toc --><link rel="stylesheet" href="../bootstrap-toc.css"><script src="../bootstrap-toc.js"></script><!-- Font Awesome icons --><link rel="stylesheet" href="https://cdnjs.cloudflare.com/ajax/libs/font-awesome/5.12.1/css/all.min.css" integrity="sha256-mmgLkCYLUQbXn0B1SRqzHar6dCnv9oZFPEC1g1cwlkk=" crossorigin="anonymous"><link rel="stylesheet" href="https://cdnjs.cloudflare.com/ajax/libs/font-awesome/5.12.1/css/v4-shims.min.css" integrity="sha256-wZjR52fzng1pJHwx4aV2AO3yyTOXrcDW7jBpJtTwVxw=" crossorigin="anonymous"><!-- clipboard.js --><script src="https://cdnjs.cloudflare.com/ajax/libs/clipboard.js/2.0.6/clipboard.min.js" integrity="sha256-inc5kl9MA1hkeYUt+EC3BhlIgyp/2jDIyBLS6k3UxPI=" crossorigin="anonymous"></script><!-- headroom.js --><script src="https://cdnjs.cloudflare.com/ajax/libs/headroom/0.11.0/headroom.min.js" integrity="sha256-AsUX4SJE1+yuDu5+mAVzJbuYNPHj/WroHuZ8Ir/CkE0=" crossorigin="anonymous"></script><script src="https://cdnjs.cloudflare.com/ajax/libs/headroom/0.11.0/jQuery.headroom.min.js" integrity="sha256-ZX/yNShbjqsohH1k95liqY9Gd8uOiE1S4vZc+9KQ1K4=" crossorigin="anonymous"></script><!-- pkgdown --><link href="../pkgdown.css" rel="stylesheet"><script src="../pkgdown.js"></script><meta property="og:title" content="Create an edges weights matrix — edges_weights_matrix"><meta property="og:description" content="Creates an edges weights matrix from the output of distance_euclidean()."><!-- mathjax --><script src="https://cdnjs.cloudflare.com/ajax/libs/mathjax/2.7.5/MathJax.js" integrity="sha256-nvJJv9wWKEm88qvoQl9ekL2J+k/RWIsaSScxxlsrv8k=" crossorigin="anonymous"></script><script src="https://cdnjs.cloudflare.com/ajax/libs/mathjax/2.7.5/config/TeX-AMS-MML_HTMLorMML.js" integrity="sha256-84DKXVJXs0/F8OTMzX4UR909+jtl4G7SPypPavF+GfA=" crossorigin="anonymous"></script><!--[if lt IE 9]>
<script src="https://oss.maxcdn.com/html5shiv/3.7.3/html5shiv.min.js"></script>
<script src="https://oss.maxcdn.com/respond/1.4.2/respond.min.js"></script>
<![endif]--></head><body data-spy="scroll" data-target="#toc">
    

    <div class="container template-reference-topic">
      <header><div class="navbar navbar-default navbar-fixed-top" role="navigation">
  <div class="container">
    <div class="navbar-header">
      <button type="button" class="navbar-toggle collapsed" data-toggle="collapse" data-target="#navbar" aria-expanded="false">
        <span class="sr-only">Toggle navigation</span>
        <span class="icon-bar"></span>
        <span class="icon-bar"></span>
        <span class="icon-bar"></span>
      </button>
      <span class="navbar-brand">
        <a class="navbar-link" href="../index.html">chessboard</a>
        <span class="version label label-default" data-toggle="tooltip" data-placement="bottom" title="">0.1</span>
      </span>
    </div>

    <div id="navbar" class="navbar-collapse collapse">
      <ul class="nav navbar-nav"><li>
  <a href="../articles/chessboard.html">Get started</a>
</li>
<li>
  <a href="../reference/index.html">Reference</a>
</li>
<li class="dropdown">
  <a href="#" class="dropdown-toggle" data-toggle="dropdown" role="button" data-bs-toggle="dropdown" aria-expanded="false">
    Articles
     
    <span class="caret"></span>
  </a>
  <ul class="dropdown-menu" role="menu"><li>
      <a href="../articles/chess-pieces.html">Chess pieces</a>
    </li>
    <li>
      <a href="../articles/visualization-tools.html">Visualization tools</a>
    </li>
    <li>
      <a href="../articles/case-study.html">Case study</a>
    </li>
  </ul></li>
<li>
  <a href="../news/index.html">Changelog</a>
</li>
      </ul><ul class="nav navbar-nav navbar-right"><li>
  <a href="https://github.com/frbcesab/chessboard/" class="external-link">
    <span class="fab fa-github fa-lg"></span>
     
  </a>
</li>
      </ul></div><!--/.nav-collapse -->
  </div><!--/.container -->
</div><!--/.navbar -->

      

      </header><div class="row">
  <div class="col-md-9 contents">
    <div class="page-header">
    <h1>Create an edges weights matrix</h1>
    <small class="dont-index">Source: <a href="https://github.com/frbcesab/chessboard/blob/HEAD/R/edges_weights_matrix.R" class="external-link"><code>R/edges_weights_matrix.R</code></a></small>
    <div class="hidden name"><code>edges_weights_matrix.Rd</code></div>
    </div>

    <div class="ref-description">
    <p>Creates an edges weights matrix from the output of <code><a href="distance_euclidean.html">distance_euclidean()</a></code>.</p>
    </div>

    <div id="ref-usage">
    <div class="sourceCode"><pre class="sourceCode r"><code><span><span class="fu">edges_weights_matrix</span><span class="op">(</span><span class="va">distances</span>, lower <span class="op">=</span> <span class="cn">TRUE</span>, upper <span class="op">=</span> <span class="cn">TRUE</span>, diag <span class="op">=</span> <span class="cn">TRUE</span><span class="op">)</span></span></code></pre></div>
    </div>

    <div id="arguments">
    <h2>Arguments</h2>
    <dl><dt>distances</dt>
<dd><p>a <code>data.frame</code> with the following three columns: <code>from</code>
(the first node of the edge), <code>to</code> (the second node of the edge), and
<code>weight</code> (the weight of the edge between the two nodes, e.g. a distance).</p></dd>


<dt>lower</dt>
<dd><p>a <code>logical</code> value. If <code>TRUE</code> (default), keep values in the lower
triangle of the matrix. Otherwise they will be replaced by <code>NA</code>.</p></dd>


<dt>upper</dt>
<dd><p>a <code>logical</code> value. If <code>TRUE</code> (default), keep values in the upper
triangle of the matrix. Otherwise they will be replaced by <code>NA</code>.</p></dd>


<dt>diag</dt>
<dd><p>a <code>logical</code> value. If <code>TRUE</code> (default), keep values in the
diagonal of the matrix. Otherwise they will be replaced by <code>NA</code>.</p></dd>

</dl></div>
    <div id="value">
    <h2>Value</h2>
    

<p>An edges weights <code>matrix</code> of dimensions <code>n x n</code>, where <code>n</code> is the
number of nodes (sites).</p>
    </div>

    <div id="ref-examples">
    <h2>Examples</h2>
    <div class="sourceCode"><pre class="sourceCode r"><code><span class="r-in"><span><span class="co"># Import Adour sites ----</span></span></span>
<span class="r-in"><span><span class="va">path_to_file</span> <span class="op">&lt;-</span> <span class="fu"><a href="https://rdrr.io/r/base/system.file.html" class="external-link">system.file</a></span><span class="op">(</span><span class="st">"extdata"</span>, <span class="st">"adour_survey_sampling.csv"</span>, </span></span>
<span class="r-in"><span>                            package <span class="op">=</span> <span class="st">"chessboard"</span><span class="op">)</span></span></span>
<span class="r-in"><span><span class="va">adour_sites</span> <span class="op">&lt;-</span> <span class="fu"><a href="https://rdrr.io/r/utils/read.table.html" class="external-link">read.csv</a></span><span class="op">(</span><span class="va">path_to_file</span><span class="op">)</span></span></span>
<span class="r-in"><span></span></span>
<span class="r-in"><span><span class="co"># Select the 15 first sites ----</span></span></span>
<span class="r-in"><span><span class="va">adour_sites</span> <span class="op">&lt;-</span> <span class="va">adour_sites</span><span class="op">[</span><span class="fl">1</span><span class="op">:</span><span class="fl">15</span>, <span class="op">]</span></span></span>
<span class="r-in"><span></span></span>
<span class="r-in"><span><span class="co"># Create node labels ----</span></span></span>
<span class="r-in"><span><span class="va">adour_sites</span> <span class="op">&lt;-</span> <span class="fu"><a href="create_node_labels.html">create_node_labels</a></span><span class="op">(</span><span class="va">adour_sites</span>, </span></span>
<span class="r-in"><span>                                  location <span class="op">=</span> <span class="st">"location"</span>, </span></span>
<span class="r-in"><span>                                  transect <span class="op">=</span> <span class="st">"transect"</span>, </span></span>
<span class="r-in"><span>                                  quadrat  <span class="op">=</span> <span class="st">"quadrat"</span><span class="op">)</span></span></span>
<span class="r-in"><span></span></span>
<span class="r-in"><span><span class="co"># Convert sites to sf object (POINTS) ----</span></span></span>
<span class="r-in"><span><span class="va">adour_sites_sf</span> <span class="op">&lt;-</span> <span class="fu">sf</span><span class="fu">::</span><span class="fu"><a href="https://r-spatial.github.io/sf/reference/st_as_sf.html" class="external-link">st_as_sf</a></span><span class="op">(</span><span class="va">adour_sites</span>, </span></span>
<span class="r-in"><span>                               coords <span class="op">=</span> <span class="fu"><a href="https://rdrr.io/r/base/c.html" class="external-link">c</a></span><span class="op">(</span><span class="st">"longitude"</span>, <span class="st">"latitude"</span><span class="op">)</span>,</span></span>
<span class="r-in"><span>                               crs <span class="op">=</span> <span class="st">"epsg:2154"</span><span class="op">)</span></span></span>
<span class="r-in"><span></span></span>
<span class="r-in"><span><span class="co"># Compute distances between pairs of sites along the Adour river ----</span></span></span>
<span class="r-in"><span><span class="va">adour_dists</span> <span class="op">&lt;-</span> <span class="fu"><a href="distance_euclidean.html">distance_euclidean</a></span><span class="op">(</span><span class="va">adour_sites_sf</span><span class="op">)</span></span></span>
<span class="r-in"><span></span></span>
<span class="r-in"><span><span class="co"># Create Edges weights matrix ----</span></span></span>
<span class="r-in"><span><span class="fu">edges_weights_matrix</span><span class="op">(</span><span class="va">adour_dists</span><span class="op">)</span></span></span>
<span class="r-out co"><span class="r-pr">#&gt;</span>           1-1      1-2      1-3      1-4       1-5       2-1      2-2      2-3</span>
<span class="r-out co"><span class="r-pr">#&gt;</span> 1-1     0.000 2500.469 5000.938 7501.407 10001.876  2500.469 3536.197 5591.219</span>
<span class="r-out co"><span class="r-pr">#&gt;</span> 1-2  2500.469    0.000 2500.469 5000.938  7501.407  3536.197 2500.469 3536.197</span>
<span class="r-out co"><span class="r-pr">#&gt;</span> 1-3  5000.938 2500.469    0.000 2500.469  5000.938  5591.219 3536.197 2500.469</span>
<span class="r-out co"><span class="r-pr">#&gt;</span> 1-4  7501.407 5000.938 2500.469    0.000  2500.469  7907.178 5591.219 3536.197</span>
<span class="r-out co"><span class="r-pr">#&gt;</span> 1-5 10001.876 7501.407 5000.938 2500.469     0.000 10309.698 7907.178 5591.219</span>
<span class="r-out co"><span class="r-pr">#&gt;</span> 2-1  2500.469 3536.197 5591.219 7907.178 10309.698     0.000 2500.469 5000.938</span>
<span class="r-out co"><span class="r-pr">#&gt;</span> 2-2  3536.197 2500.469 3536.197 5591.219  7907.178  2500.469    0.000 2500.469</span>
<span class="r-out co"><span class="r-pr">#&gt;</span> 2-3  5591.219 3536.197 2500.469 3536.197  5591.219  5000.938 2500.469    0.000</span>
<span class="r-out co"><span class="r-pr">#&gt;</span> 2-4  7907.178 5591.219 3536.197 2500.469  3536.197  7501.407 5000.938 2500.469</span>
<span class="r-out co"><span class="r-pr">#&gt;</span> 2-5 10309.698 7907.178 5591.219 3536.197  2500.469 10001.876 7501.407 5000.938</span>
<span class="r-out co"><span class="r-pr">#&gt;</span> 3-1  5000.938 5591.219 7072.395 9015.569 11182.438  2500.469 3536.197 5591.219</span>
<span class="r-out co"><span class="r-pr">#&gt;</span> 3-2  5591.219 5000.938 5591.219 7072.395  9015.569  3536.197 2500.469 3536.197</span>
<span class="r-out co"><span class="r-pr">#&gt;</span> 3-3  7072.395 5591.219 5000.938 5591.219  7072.395  5591.219 3536.197 2500.469</span>
<span class="r-out co"><span class="r-pr">#&gt;</span> 3-4  9015.569 7072.395 5591.219 5000.938  5591.219  7907.178 5591.219 3536.197</span>
<span class="r-out co"><span class="r-pr">#&gt;</span> 3-5 11182.438 9015.569 7072.395 5591.219  5000.938 10309.698 7907.178 5591.219</span>
<span class="r-out co"><span class="r-pr">#&gt;</span>          2-4       2-5       3-1      3-2      3-3      3-4       3-5</span>
<span class="r-out co"><span class="r-pr">#&gt;</span> 1-1 7907.178 10309.698  5000.938 5591.219 7072.395 9015.569 11182.438</span>
<span class="r-out co"><span class="r-pr">#&gt;</span> 1-2 5591.219  7907.178  5591.219 5000.938 5591.219 7072.395  9015.569</span>
<span class="r-out co"><span class="r-pr">#&gt;</span> 1-3 3536.197  5591.219  7072.395 5591.219 5000.938 5591.219  7072.395</span>
<span class="r-out co"><span class="r-pr">#&gt;</span> 1-4 2500.469  3536.197  9015.569 7072.395 5591.219 5000.938  5591.219</span>
<span class="r-out co"><span class="r-pr">#&gt;</span> 1-5 3536.197  2500.469 11182.438 9015.569 7072.395 5591.219  5000.938</span>
<span class="r-out co"><span class="r-pr">#&gt;</span> 2-1 7501.407 10001.876  2500.469 3536.197 5591.219 7907.178 10309.698</span>
<span class="r-out co"><span class="r-pr">#&gt;</span> 2-2 5000.938  7501.407  3536.197 2500.469 3536.197 5591.219  7907.178</span>
<span class="r-out co"><span class="r-pr">#&gt;</span> 2-3 2500.469  5000.938  5591.219 3536.197 2500.469 3536.197  5591.219</span>
<span class="r-out co"><span class="r-pr">#&gt;</span> 2-4    0.000  2500.469  7907.178 5591.219 3536.197 2500.469  3536.197</span>
<span class="r-out co"><span class="r-pr">#&gt;</span> 2-5 2500.469     0.000 10309.698 7907.178 5591.219 3536.197  2500.469</span>
<span class="r-out co"><span class="r-pr">#&gt;</span> 3-1 7907.178 10309.698     0.000 2500.469 5000.938 7501.407 10001.876</span>
<span class="r-out co"><span class="r-pr">#&gt;</span> 3-2 5591.219  7907.178  2500.469    0.000 2500.469 5000.938  7501.407</span>
<span class="r-out co"><span class="r-pr">#&gt;</span> 3-3 3536.197  5591.219  5000.938 2500.469    0.000 2500.469  5000.938</span>
<span class="r-out co"><span class="r-pr">#&gt;</span> 3-4 2500.469  3536.197  7501.407 5000.938 2500.469    0.000  2500.469</span>
<span class="r-out co"><span class="r-pr">#&gt;</span> 3-5 3536.197  2500.469 10001.876 7501.407 5000.938 2500.469     0.000</span>
<span class="r-in"><span></span></span>
<span class="r-in"><span><span class="co"># Create Edges weights matrix (with options) ----</span></span></span>
<span class="r-in"><span><span class="fu">edges_weights_matrix</span><span class="op">(</span><span class="va">adour_dists</span>, lower <span class="op">=</span> <span class="cn">FALSE</span><span class="op">)</span></span></span>
<span class="r-out co"><span class="r-pr">#&gt;</span>     1-1      1-2      1-3      1-4       1-5       2-1      2-2      2-3</span>
<span class="r-out co"><span class="r-pr">#&gt;</span> 1-1   0 2500.469 5000.938 7501.407 10001.876  2500.469 3536.197 5591.219</span>
<span class="r-out co"><span class="r-pr">#&gt;</span> 1-2  NA    0.000 2500.469 5000.938  7501.407  3536.197 2500.469 3536.197</span>
<span class="r-out co"><span class="r-pr">#&gt;</span> 1-3  NA       NA    0.000 2500.469  5000.938  5591.219 3536.197 2500.469</span>
<span class="r-out co"><span class="r-pr">#&gt;</span> 1-4  NA       NA       NA    0.000  2500.469  7907.178 5591.219 3536.197</span>
<span class="r-out co"><span class="r-pr">#&gt;</span> 1-5  NA       NA       NA       NA     0.000 10309.698 7907.178 5591.219</span>
<span class="r-out co"><span class="r-pr">#&gt;</span> 2-1  NA       NA       NA       NA        NA     0.000 2500.469 5000.938</span>
<span class="r-out co"><span class="r-pr">#&gt;</span> 2-2  NA       NA       NA       NA        NA        NA    0.000 2500.469</span>
<span class="r-out co"><span class="r-pr">#&gt;</span> 2-3  NA       NA       NA       NA        NA        NA       NA    0.000</span>
<span class="r-out co"><span class="r-pr">#&gt;</span> 2-4  NA       NA       NA       NA        NA        NA       NA       NA</span>
<span class="r-out co"><span class="r-pr">#&gt;</span> 2-5  NA       NA       NA       NA        NA        NA       NA       NA</span>
<span class="r-out co"><span class="r-pr">#&gt;</span> 3-1  NA       NA       NA       NA        NA        NA       NA       NA</span>
<span class="r-out co"><span class="r-pr">#&gt;</span> 3-2  NA       NA       NA       NA        NA        NA       NA       NA</span>
<span class="r-out co"><span class="r-pr">#&gt;</span> 3-3  NA       NA       NA       NA        NA        NA       NA       NA</span>
<span class="r-out co"><span class="r-pr">#&gt;</span> 3-4  NA       NA       NA       NA        NA        NA       NA       NA</span>
<span class="r-out co"><span class="r-pr">#&gt;</span> 3-5  NA       NA       NA       NA        NA        NA       NA       NA</span>
<span class="r-out co"><span class="r-pr">#&gt;</span>          2-4       2-5       3-1      3-2      3-3      3-4       3-5</span>
<span class="r-out co"><span class="r-pr">#&gt;</span> 1-1 7907.178 10309.698  5000.938 5591.219 7072.395 9015.569 11182.438</span>
<span class="r-out co"><span class="r-pr">#&gt;</span> 1-2 5591.219  7907.178  5591.219 5000.938 5591.219 7072.395  9015.569</span>
<span class="r-out co"><span class="r-pr">#&gt;</span> 1-3 3536.197  5591.219  7072.395 5591.219 5000.938 5591.219  7072.395</span>
<span class="r-out co"><span class="r-pr">#&gt;</span> 1-4 2500.469  3536.197  9015.569 7072.395 5591.219 5000.938  5591.219</span>
<span class="r-out co"><span class="r-pr">#&gt;</span> 1-5 3536.197  2500.469 11182.438 9015.569 7072.395 5591.219  5000.938</span>
<span class="r-out co"><span class="r-pr">#&gt;</span> 2-1 7501.407 10001.876  2500.469 3536.197 5591.219 7907.178 10309.698</span>
<span class="r-out co"><span class="r-pr">#&gt;</span> 2-2 5000.938  7501.407  3536.197 2500.469 3536.197 5591.219  7907.178</span>
<span class="r-out co"><span class="r-pr">#&gt;</span> 2-3 2500.469  5000.938  5591.219 3536.197 2500.469 3536.197  5591.219</span>
<span class="r-out co"><span class="r-pr">#&gt;</span> 2-4    0.000  2500.469  7907.178 5591.219 3536.197 2500.469  3536.197</span>
<span class="r-out co"><span class="r-pr">#&gt;</span> 2-5       NA     0.000 10309.698 7907.178 5591.219 3536.197  2500.469</span>
<span class="r-out co"><span class="r-pr">#&gt;</span> 3-1       NA        NA     0.000 2500.469 5000.938 7501.407 10001.876</span>
<span class="r-out co"><span class="r-pr">#&gt;</span> 3-2       NA        NA        NA    0.000 2500.469 5000.938  7501.407</span>
<span class="r-out co"><span class="r-pr">#&gt;</span> 3-3       NA        NA        NA       NA    0.000 2500.469  5000.938</span>
<span class="r-out co"><span class="r-pr">#&gt;</span> 3-4       NA        NA        NA       NA       NA    0.000  2500.469</span>
<span class="r-out co"><span class="r-pr">#&gt;</span> 3-5       NA        NA        NA       NA       NA       NA     0.000</span>
<span class="r-in"><span><span class="fu">edges_weights_matrix</span><span class="op">(</span><span class="va">adour_dists</span>, upper <span class="op">=</span> <span class="cn">FALSE</span><span class="op">)</span></span></span>
<span class="r-out co"><span class="r-pr">#&gt;</span>           1-1      1-2      1-3      1-4       1-5       2-1      2-2      2-3</span>
<span class="r-out co"><span class="r-pr">#&gt;</span> 1-1     0.000       NA       NA       NA        NA        NA       NA       NA</span>
<span class="r-out co"><span class="r-pr">#&gt;</span> 1-2  2500.469    0.000       NA       NA        NA        NA       NA       NA</span>
<span class="r-out co"><span class="r-pr">#&gt;</span> 1-3  5000.938 2500.469    0.000       NA        NA        NA       NA       NA</span>
<span class="r-out co"><span class="r-pr">#&gt;</span> 1-4  7501.407 5000.938 2500.469    0.000        NA        NA       NA       NA</span>
<span class="r-out co"><span class="r-pr">#&gt;</span> 1-5 10001.876 7501.407 5000.938 2500.469     0.000        NA       NA       NA</span>
<span class="r-out co"><span class="r-pr">#&gt;</span> 2-1  2500.469 3536.197 5591.219 7907.178 10309.698     0.000       NA       NA</span>
<span class="r-out co"><span class="r-pr">#&gt;</span> 2-2  3536.197 2500.469 3536.197 5591.219  7907.178  2500.469    0.000       NA</span>
<span class="r-out co"><span class="r-pr">#&gt;</span> 2-3  5591.219 3536.197 2500.469 3536.197  5591.219  5000.938 2500.469    0.000</span>
<span class="r-out co"><span class="r-pr">#&gt;</span> 2-4  7907.178 5591.219 3536.197 2500.469  3536.197  7501.407 5000.938 2500.469</span>
<span class="r-out co"><span class="r-pr">#&gt;</span> 2-5 10309.698 7907.178 5591.219 3536.197  2500.469 10001.876 7501.407 5000.938</span>
<span class="r-out co"><span class="r-pr">#&gt;</span> 3-1  5000.938 5591.219 7072.395 9015.569 11182.438  2500.469 3536.197 5591.219</span>
<span class="r-out co"><span class="r-pr">#&gt;</span> 3-2  5591.219 5000.938 5591.219 7072.395  9015.569  3536.197 2500.469 3536.197</span>
<span class="r-out co"><span class="r-pr">#&gt;</span> 3-3  7072.395 5591.219 5000.938 5591.219  7072.395  5591.219 3536.197 2500.469</span>
<span class="r-out co"><span class="r-pr">#&gt;</span> 3-4  9015.569 7072.395 5591.219 5000.938  5591.219  7907.178 5591.219 3536.197</span>
<span class="r-out co"><span class="r-pr">#&gt;</span> 3-5 11182.438 9015.569 7072.395 5591.219  5000.938 10309.698 7907.178 5591.219</span>
<span class="r-out co"><span class="r-pr">#&gt;</span>          2-4       2-5       3-1      3-2      3-3      3-4 3-5</span>
<span class="r-out co"><span class="r-pr">#&gt;</span> 1-1       NA        NA        NA       NA       NA       NA  NA</span>
<span class="r-out co"><span class="r-pr">#&gt;</span> 1-2       NA        NA        NA       NA       NA       NA  NA</span>
<span class="r-out co"><span class="r-pr">#&gt;</span> 1-3       NA        NA        NA       NA       NA       NA  NA</span>
<span class="r-out co"><span class="r-pr">#&gt;</span> 1-4       NA        NA        NA       NA       NA       NA  NA</span>
<span class="r-out co"><span class="r-pr">#&gt;</span> 1-5       NA        NA        NA       NA       NA       NA  NA</span>
<span class="r-out co"><span class="r-pr">#&gt;</span> 2-1       NA        NA        NA       NA       NA       NA  NA</span>
<span class="r-out co"><span class="r-pr">#&gt;</span> 2-2       NA        NA        NA       NA       NA       NA  NA</span>
<span class="r-out co"><span class="r-pr">#&gt;</span> 2-3       NA        NA        NA       NA       NA       NA  NA</span>
<span class="r-out co"><span class="r-pr">#&gt;</span> 2-4    0.000        NA        NA       NA       NA       NA  NA</span>
<span class="r-out co"><span class="r-pr">#&gt;</span> 2-5 2500.469     0.000        NA       NA       NA       NA  NA</span>
<span class="r-out co"><span class="r-pr">#&gt;</span> 3-1 7907.178 10309.698     0.000       NA       NA       NA  NA</span>
<span class="r-out co"><span class="r-pr">#&gt;</span> 3-2 5591.219  7907.178  2500.469    0.000       NA       NA  NA</span>
<span class="r-out co"><span class="r-pr">#&gt;</span> 3-3 3536.197  5591.219  5000.938 2500.469    0.000       NA  NA</span>
<span class="r-out co"><span class="r-pr">#&gt;</span> 3-4 2500.469  3536.197  7501.407 5000.938 2500.469    0.000  NA</span>
<span class="r-out co"><span class="r-pr">#&gt;</span> 3-5 3536.197  2500.469 10001.876 7501.407 5000.938 2500.469   0</span>
<span class="r-in"><span><span class="fu">edges_weights_matrix</span><span class="op">(</span><span class="va">adour_dists</span>, diag <span class="op">=</span> <span class="cn">FALSE</span><span class="op">)</span></span></span>
<span class="r-out co"><span class="r-pr">#&gt;</span>           1-1      1-2      1-3      1-4       1-5       2-1      2-2      2-3</span>
<span class="r-out co"><span class="r-pr">#&gt;</span> 1-1        NA 2500.469 5000.938 7501.407 10001.876  2500.469 3536.197 5591.219</span>
<span class="r-out co"><span class="r-pr">#&gt;</span> 1-2  2500.469       NA 2500.469 5000.938  7501.407  3536.197 2500.469 3536.197</span>
<span class="r-out co"><span class="r-pr">#&gt;</span> 1-3  5000.938 2500.469       NA 2500.469  5000.938  5591.219 3536.197 2500.469</span>
<span class="r-out co"><span class="r-pr">#&gt;</span> 1-4  7501.407 5000.938 2500.469       NA  2500.469  7907.178 5591.219 3536.197</span>
<span class="r-out co"><span class="r-pr">#&gt;</span> 1-5 10001.876 7501.407 5000.938 2500.469        NA 10309.698 7907.178 5591.219</span>
<span class="r-out co"><span class="r-pr">#&gt;</span> 2-1  2500.469 3536.197 5591.219 7907.178 10309.698        NA 2500.469 5000.938</span>
<span class="r-out co"><span class="r-pr">#&gt;</span> 2-2  3536.197 2500.469 3536.197 5591.219  7907.178  2500.469       NA 2500.469</span>
<span class="r-out co"><span class="r-pr">#&gt;</span> 2-3  5591.219 3536.197 2500.469 3536.197  5591.219  5000.938 2500.469       NA</span>
<span class="r-out co"><span class="r-pr">#&gt;</span> 2-4  7907.178 5591.219 3536.197 2500.469  3536.197  7501.407 5000.938 2500.469</span>
<span class="r-out co"><span class="r-pr">#&gt;</span> 2-5 10309.698 7907.178 5591.219 3536.197  2500.469 10001.876 7501.407 5000.938</span>
<span class="r-out co"><span class="r-pr">#&gt;</span> 3-1  5000.938 5591.219 7072.395 9015.569 11182.438  2500.469 3536.197 5591.219</span>
<span class="r-out co"><span class="r-pr">#&gt;</span> 3-2  5591.219 5000.938 5591.219 7072.395  9015.569  3536.197 2500.469 3536.197</span>
<span class="r-out co"><span class="r-pr">#&gt;</span> 3-3  7072.395 5591.219 5000.938 5591.219  7072.395  5591.219 3536.197 2500.469</span>
<span class="r-out co"><span class="r-pr">#&gt;</span> 3-4  9015.569 7072.395 5591.219 5000.938  5591.219  7907.178 5591.219 3536.197</span>
<span class="r-out co"><span class="r-pr">#&gt;</span> 3-5 11182.438 9015.569 7072.395 5591.219  5000.938 10309.698 7907.178 5591.219</span>
<span class="r-out co"><span class="r-pr">#&gt;</span>          2-4       2-5       3-1      3-2      3-3      3-4       3-5</span>
<span class="r-out co"><span class="r-pr">#&gt;</span> 1-1 7907.178 10309.698  5000.938 5591.219 7072.395 9015.569 11182.438</span>
<span class="r-out co"><span class="r-pr">#&gt;</span> 1-2 5591.219  7907.178  5591.219 5000.938 5591.219 7072.395  9015.569</span>
<span class="r-out co"><span class="r-pr">#&gt;</span> 1-3 3536.197  5591.219  7072.395 5591.219 5000.938 5591.219  7072.395</span>
<span class="r-out co"><span class="r-pr">#&gt;</span> 1-4 2500.469  3536.197  9015.569 7072.395 5591.219 5000.938  5591.219</span>
<span class="r-out co"><span class="r-pr">#&gt;</span> 1-5 3536.197  2500.469 11182.438 9015.569 7072.395 5591.219  5000.938</span>
<span class="r-out co"><span class="r-pr">#&gt;</span> 2-1 7501.407 10001.876  2500.469 3536.197 5591.219 7907.178 10309.698</span>
<span class="r-out co"><span class="r-pr">#&gt;</span> 2-2 5000.938  7501.407  3536.197 2500.469 3536.197 5591.219  7907.178</span>
<span class="r-out co"><span class="r-pr">#&gt;</span> 2-3 2500.469  5000.938  5591.219 3536.197 2500.469 3536.197  5591.219</span>
<span class="r-out co"><span class="r-pr">#&gt;</span> 2-4       NA  2500.469  7907.178 5591.219 3536.197 2500.469  3536.197</span>
<span class="r-out co"><span class="r-pr">#&gt;</span> 2-5 2500.469        NA 10309.698 7907.178 5591.219 3536.197  2500.469</span>
<span class="r-out co"><span class="r-pr">#&gt;</span> 3-1 7907.178 10309.698        NA 2500.469 5000.938 7501.407 10001.876</span>
<span class="r-out co"><span class="r-pr">#&gt;</span> 3-2 5591.219  7907.178  2500.469       NA 2500.469 5000.938  7501.407</span>
<span class="r-out co"><span class="r-pr">#&gt;</span> 3-3 3536.197  5591.219  5000.938 2500.469       NA 2500.469  5000.938</span>
<span class="r-out co"><span class="r-pr">#&gt;</span> 3-4 2500.469  3536.197  7501.407 5000.938 2500.469       NA  2500.469</span>
<span class="r-out co"><span class="r-pr">#&gt;</span> 3-5 3536.197  2500.469 10001.876 7501.407 5000.938 2500.469        NA</span>
</code></pre></div>
    </div>
  </div>
  <div class="col-md-3 hidden-xs hidden-sm" id="pkgdown-sidebar">
    <nav id="toc" data-toggle="toc" class="sticky-top"><h2 data-toc-skip>Contents</h2>
    </nav></div>
</div>


      <footer><div class="copyright">
  <p></p><p>Developed by Nicolas Casajus.</p>
</div>

<div class="pkgdown">
  <p></p><p>Site built with <a href="https://pkgdown.r-lib.org/" class="external-link">pkgdown</a> 2.0.7.</p>
</div>

      </footer></div>

  


  

  </body></html>

